1,[4, 5, 5, 4, 4, 4, 4]
2,[4, 6, 6, 5, 4, 5]
3,[7, 6, 5, 7, 5]
4,[5, 5, 4, 4, 4, 4, 4]
5,[4, 4, 4, 4, 6, 4, 4]
6,[6, 6, 6, 7, 5]
7,[6, 5, 5, 7, 7]
8,[4, 5, 4, 5, 4, 4, 4]
9,[5, 4, 4, 4, 5, 4, 4]
10,[6, 7, 6, 4, 7]
11,[4, 4, 4, 4, 4, 4, 6]
12,[4, 7, 4, 5, 5, 5]
13,[5, 6, 5, 5, 4, 5]
14,[4, 5, 4, 4, 5, 4, 4]
15,[6, 5, 4, 7, 4, 4]
16,[6, 6, 7, 6, 5]
17,[4, 5, 4, 4, 4, 4, 5]
18,[8, 5, 7, 5, 5]
19,[7, 4, 7, 5, 7]
20,[5, 5, 5, 6, 4, 5]
21,[4, 4, 4, 4, 5, 4, 5]
22,[6, 5, 6, 6, 7]
23,[4, 4, 5, 4, 5, 4, 4]
24,[6, 4, 4, 5, 6, 5]
25,[4, 4, 4, 4, 5, 5, 4]
26,[5, 5, 4, 5, 5, 6]
27,[5, 5, 5, 8, 7]
28,[5, 5, 4, 7, 5, 4]
29,[4, 5, 4, 5, 4, 4, 4]
30,[6, 5, 4, 5, 6, 4]
31,[7, 4, 4, 4, 6, 5]
32,[5, 8, 7, 6, 4]
33,[4, 5, 4, 4, 4, 5, 4]
34,[5, 4, 4, 4, 5, 4, 4]
35,[6, 5, 6, 8, 5]
36,[5, 4, 4, 4, 4, 5, 4]
37,[4, 4, 6, 4, 4, 4, 4]
38,[10, 5, 4, 6, 5]
39,[6, 4, 4, 4, 4, 4, 4]
40,[4, 4, 5, 5, 6, 6]
41,[4, 4, 4, 5, 4, 5, 4]
42,[5, 4, 4, 4, 4, 4, 5]
43,[4, 7, 4, 5, 5, 5]
44,[6, 4, 6, 6, 4, 4]
45,[4, 4, 5, 4, 4, 5, 4]
46,[7, 5, 7, 9, 7]
47,[6, 11, 5, 6, 7]
48,[4, 7, 9, 8, 7]
49,[9, 7, 7, 6, 6]
50,[7, 7, 6, 8, 7]
51,[6, 4, 7, 7, 5, 6]
52,[5, 7, 4, 7, 4, 4, 4]
53,[7, 4, 6, 4, 4, 5, 5]
54,[9, 4, 6, 6, 5, 5]
55,[5, 6, 5, 5, 6, 8]
56,[7, 9, 8, 6, 5]
57,[8, 8, 7, 4, 8]
58,[9, 5, 6, 5, 6, 4]
59,[5, 6, 5, 4, 5, 5, 5]
60,[5, 4, 6, 4, 4, 6, 6]
61,[4, 4, 4, 5, 7, 6, 5]
62,[7, 6, 6, 5, 5, 6]
63,[6, 6, 6, 9, 8]
64,[7, 8, 8, 5, 7]
65,[8, 4, 6, 4, 4, 5, 4]
66,[6, 6, 5, 8, 4, 6]
67,[6, 8, 7, 7, 7]
68,[5, 6, 5, 6, 7, 6]
69,[5, 4, 6, 6, 5, 5, 4]
70,[9, 6, 5, 5, 5, 5]
71,[4, 5, 5, 4, 4, 9, 4]
72,[9, 9, 5, 8, 4]
73,[4, 5, 6, 4, 4, 6, 6]
74,[8, 8, 5, 8, 6]
75,[5, 4, 5, 5, 4, 4, 8]
76,[5, 8, 11, 6, 5]
77,[6, 9, 7, 6, 7]
78,[7, 7, 4, 4, 13]
79,[9, 6, 7, 6, 7]
80,[8, 4, 7, 9, 7]
81,[4, 7, 8, 9, 7]
82,[6, 7, 8, 8, 6]
83,[4, 4, 6, 6, 8, 7]
84,[4, 4, 6, 5, 6, 4, 6]
85,[5, 7, 6, 6, 11]
86,[5, 5, 4, 6, 5, 5, 5]
87,[5, 5, 5, 4, 5, 5, 6]
88,[6, 5, 5, 7, 7, 5]
89,[4, 6, 6, 4, 4, 7, 4]
90,[6, 5, 5, 5, 7, 7]
91,[7, 8, 6, 7, 12]
92,[8, 8, 9, 8, 7]
93,[8, 8, 11, 6, 7]
94,[9, 8, 6, 9, 8]
95,[9, 6, 7, 9, 9]
96,[6, 6, 7, 7, 7, 7]
97,[6, 5, 9, 5, 5, 4, 6]
98,[6, 6, 6, 5, 4, 8, 5]
99,[9, 5, 6, 8, 7, 5]
100,[4, 5, 8, 5, 6, 5, 7]
101,[6, 7, 4, 5, 7, 4, 7]
102,[5, 7, 7, 5, 4, 7, 5]
103,[5, 7, 5, 9, 7, 7]
104,[8, 7, 6, 6, 7, 6]
105,[6, 8, 4, 7, 6, 9]
106,[10, 7, 10, 8, 5]
107,[6, 8, 5, 6, 9, 6]
108,[7, 4, 10, 4, 10, 5]
109,[7, 5, 9, 6, 6, 7]
110,[8, 11, 6, 7, 8]
111,[7, 6, 5, 5, 6, 7, 4]
112,[5, 7, 11, 8, 9]
113,[6, 4, 5, 5, 7, 5, 8]
114,[6, 10, 10, 6, 8]
115,[6, 7, 7, 10, 10]
116,[9, 5, 6, 5, 9, 6]
117,[9, 6, 7, 6, 5, 7]
118,[5, 6, 5, 5, 8, 7, 4]
119,[8, 5, 11, 7, 9]
120,[6, 7, 5, 5, 6, 6, 5]
121,[5, 6, 5, 6, 6, 5, 7]
122,[4, 5, 6, 6, 5, 8, 6]
123,[12, 9, 6, 5, 8]
124,[6, 5, 8, 6, 4, 6, 5]
125,[10, 9, 8, 5, 8]
126,[7, 5, 5, 8, 7, 8]
127,[6, 9, 10, 4, 6, 5]
128,[8, 7, 5, 5, 7, 8]
129,[8, 7, 10, 9, 6]
130,[7, 7, 9, 8, 9]
131,[6, 7, 6, 9, 6, 6]
132,[6, 9, 10, 6, 9]
133,[9, 9, 8, 9, 5]
134,[7, 8, 4, 7, 4, 5, 5]
135,[8, 7, 7, 6, 6, 6]
