1,[18, 9, 4, 26, 8, 11, 12, 21]
2,[9, 3, 14, 10, 18, 21, 8, 16]
3,[15, 7, 21, 1]
4,[7, 16, 26, 28, 12, 24, 17]
5,[29, 12, 1, 26]
6,[7, 9, 5, 21, 28, 15, 13, 11]
7,[28, 15, 4, 0, 25, 11]
8,[12, 26, 16, 24, 25, 21, 8, 18]
9,[1, 17, 15, 29]
10,[21, 12, 4, 28]
11,[24, 1, 3, 23, 16, 7, 28, 12]
12,[16, 11, 10, 17, 23, 8]
13,[0, 21, 26, 17, 14, 2, 12, 16]
14,[6, 14, 8, 25, 0, 9, 28]
15,[3, 22, 16, 5, 10, 8, 6, 18]
16,[23, 13, 17, 3]
17,[24, 25, 8, 14, 6, 10]
18,[21, 6, 14, 25, 18, 1, 2]
19,[29, 12, 17, 2, 10, 27, 19, 18]
20,[9, 6, 18, 27]
21,[12, 19, 28, 8, 4, 1]
22,[20, 28, 7, 21, 27]
23,[13, 28, 18, 14, 25]
24,[6, 1, 11, 24, 4, 27, 16]
25,[20, 19, 22, 24, 17, 10, 16]
26,[2, 21, 1, 20]
27,[17, 23, 10, 3, 18, 24, 6]
28,[7, 24, 13, 1, 16, 21, 27, 5]
29,[5, 20, 13, 1, 15, 22, 25]
30,[7, 23, 12, 0, 18, 9, 1, 21]
31,[23, 13, 19, 6, 26, 0, 22, 2]
32,[21, 14, 8, 11, 19, 28, 20, 6]
33,[18, 3, 20, 28, 13, 15, 4, 6]
34,[10, 11, 6, 19, 25, 28, 21]
35,[3, 8, 12, 22, 23]
36,[28, 22, 16, 1]
37,[18, 10, 5, 15, 19, 27]
38,[27, 24, 5, 26, 19, 28]
39,[13, 12, 29, 21, 27]
40,[14, 12, 23, 1, 26, 13]
41,[14, 29, 22, 10, 7, 0]
42,[2, 21, 16, 11]
43,[0, 20, 29, 19, 8, 24]
44,[21, 10, 19, 13, 7, 1, 16, 25]
45,[20, 28, 1, 15, 3, 13, 0]
46,[9, 12, 6, 5, 31, 22, 15]
47,[19, 21, 24, 11, 17, 3]
48,[33, 32, 3, 15, 19, 5, 1, 0]
49,[18, 14, 6, 15, 19]
50,[10, 33, 18, 29, 27]
51,[21, 15, 8, 10, 31]
52,[6, 18, 28, 5, 4, 25, 12, 27]
53,[11, 27, 20, 34, 9, 6, 0]
54,[11, 8, 16, 20, 13]
55,[10, 19, 24, 8, 15, 6]
56,[14, 20, 19, 2, 32, 16, 11, 6]
57,[1, 3, 13, 19, 25, 4, 29, 16, 28]
58,[7, 21, 25, 20, 34]
59,[2, 3, 34, 21, 0, 4, 10, 5, 26]
60,[11, 10, 4, 14, 8, 34, 26]
61,[13, 28, 12, 30, 1, 8, 34, 19, 21]
62,[1, 3, 30, 21, 32, 13, 24]
63,[20, 26, 19, 6, 17, 14, 32, 3, 10]
64,[25, 17, 19, 10, 5, 27, 33]
65,[4, 9, 22, 18, 13]
66,[31, 27, 18, 5, 2, 19, 3, 29]
67,[8, 18, 11, 32, 1, 7, 27, 3]
68,[13, 18, 26, 22, 23, 15, 0, 1]
69,[11, 1, 33, 30, 21, 32, 29, 17]
70,[21, 12, 2, 20, 32, 3, 25, 19, 33]
71,[24, 17, 10, 23, 28]
72,[20, 9, 21, 7, 22, 5, 2]
73,[9, 16, 18, 21, 2, 34]
74,[7, 9, 29, 23, 16, 32, 11, 10, 33]
75,[31, 19, 34, 6, 23, 1, 4]
76,[13, 28, 6, 22, 11, 3, 25, 23, 12]
77,[22, 23, 0, 18, 27, 26, 21]
78,[5, 2, 16, 33, 28, 8, 4]
79,[12, 31, 19, 30, 7, 27, 34, 2]
80,[27, 34, 8, 23, 9, 6, 20, 25]
81,[4, 20, 23, 2, 11]
82,[6, 23, 34, 20, 14]
83,[28, 30, 23, 29, 19, 22]
84,[27, 34, 1, 18, 0, 19, 5, 16, 13]
85,[21, 17, 23, 5, 20, 0, 14]
86,[4, 34, 9, 29, 30, 6]
87,[22, 2, 17, 3, 7]
88,[25, 4, 20, 8, 21, 33, 14, 13]
89,[8, 5, 29, 12, 27]
90,[23, 12, 11, 21, 14]
91,[7, 4, 30, 20, 29, 35]
92,[25, 19, 5, 14, 27, 8, 28, 18, 22, 6]
93,[7, 3, 2, 32, 13, 12, 14, 26, 21, 36]
94,[17, 31, 25, 19, 32, 8, 35, 20, 27]
95,[1, 21, 39, 27, 18, 3, 14]
96,[19, 32, 3, 2, 14, 36, 8, 35, 33]
97,[2, 18, 30, 3, 32, 14, 23, 38]
98,[28, 23, 2, 30, 35, 36, 19, 18, 39, 8, 9]
99,[27, 0, 21, 36, 2, 38, 10]
100,[4, 1, 25, 35, 23, 18, 7, 39]
101,[31, 21, 33, 2, 3, 13, 35, 36, 12, 1]
102,[7, 32, 6, 38, 3, 4, 18, 1, 27]
103,[26, 1, 30, 36, 9, 23, 27, 35]
104,[22, 36, 15, 26, 27, 14, 6, 4, 21]
105,[14, 24, 15, 31, 39, 25, 35]
106,[5, 38, 37, 14, 21, 28, 36]
107,[27, 14, 12, 7, 33, 30, 28]
108,[23, 32, 3, 4, 19, 17, 39, 22, 34, 1]
109,[11, 34, 7, 14, 16, 38]
110,[29, 26, 27, 14, 19, 6]
111,[17, 12, 28, 20, 1, 8, 21, 32]
112,[31, 13, 25, 37, 22, 18, 28, 33]
113,[4, 11, 15, 12, 37, 26, 6, 0, 20]
114,[6, 16, 35, 1, 15, 9, 32, 19, 38, 11]
115,[13, 0, 31, 20, 27, 15, 4, 1, 17, 39]
116,[38, 30, 13, 4, 28, 39, 12, 0, 29]
117,[0, 18, 38, 1, 39, 12, 28, 15, 7, 30]
118,[18, 35, 21, 10, 23, 38, 39]
119,[25, 38, 14, 13, 37]
120,[18, 7, 11, 17, 5, 9, 1, 22, 12]
121,[30, 39, 32, 13, 4, 21]
122,[38, 37, 22, 8, 10, 20, 0, 33]
123,[7, 31, 10, 18, 25, 1, 19, 36, 11, 37]
124,[32, 22, 23, 19, 16, 37, 6, 1]
125,[14, 23, 25, 24, 22, 12, 0, 27, 6, 10]
126,[17, 18, 21, 22, 19, 16, 10]
127,[27, 18, 5, 31, 33, 19, 0, 38]
128,[2, 7, 34, 36, 21, 6, 18, 19]
129,[36, 24, 16, 7, 23, 35, 33, 31]
130,[23, 19, 18, 8, 32, 25, 9, 33, 35, 1]
131,[35, 14, 25, 1, 23, 36, 19, 8, 27, 17, 7]
132,[0, 8, 38, 37, 13, 7, 20, 5]
133,[7, 39, 20, 2, 4, 22]
134,[15, 1, 23, 28, 34, 18]
135,[32, 11, 1, 23, 31, 28, 6, 22, 39]
