1,[22, 3, 27]
2,[15, 7, 5, 25]
3,[17, 6]
4,[25, 5, 0, 23, 8, 6, 3]
5,[20, 0, 15, 7, 23, 17]
6,[20, 22, 0, 23, 25, 12, 1, 10]
7,[7, 22, 19, 29, 1, 6]
8,[17, 15, 1]
9,[3, 5, 22, 21, 9, 18, 28]
10,[24, 20, 11]
11,[6, 17, 9, 15, 21, 19]
12,[7, 26, 19, 2, 22, 4, 25, 1]
13,[19, 4]
14,[13, 10, 15, 26]
15,[2, 0, 12, 17, 19]
16,[10, 14, 28, 4, 27, 20, 29]
17,[26, 12, 27, 7, 2, 20, 17]
18,[26, 9, 11, 19]
19,[7, 20, 25]
20,[10, 22, 11]
21,[17, 25, 16, 29, 9, 6]
22,[4, 10, 24]
23,[1, 17, 16, 26, 0, 9]
24,[0, 10, 29, 7, 23, 18, 19, 21]
25,[12, 4, 29]
26,[26, 11, 16, 12, 3, 25]
27,[20, 9, 5, 16, 14, 26]
28,[11, 14, 9, 18]
29,[7, 2, 8, 14, 6, 9]
30,[19, 5, 16]
31,[24, 7, 5]
32,[2, 3, 24, 1, 16, 7]
33,[21, 0, 1, 11, 12]
34,[2, 12]
35,[10, 11, 25, 19, 2, 17]
36,[19, 12, 23]
37,[25, 22, 8, 16, 14, 12]
38,[12, 23]
39,[24, 2]
40,[4, 25, 10, 0, 16, 28]
41,[26, 11, 21, 6]
42,[19, 23, 22]
43,[23, 15, 28, 6, 17, 26, 22]
44,[14, 4]
45,[10, 7, 24, 26, 12]
46,[23, 29, 25, 4, 24]
47,[13, 1, 23, 2]
48,[7, 27, 10, 20, 12, 16, 14]
49,[34, 24]
50,[30, 34]
51,[1, 17, 27, 5]
52,[1, 3, 11]
53,[13, 28, 31, 5, 4, 10, 2]
54,[32, 26, 18, 14]
55,[25, 33, 20, 32]
56,[9, 27, 21, 3, 23]
57,[17, 24, 23, 6, 18, 15]
58,[30, 27, 9, 12, 29, 22]
59,[8, 32, 12, 15, 14]
60,[3, 28, 13, 18, 30, 24, 17, 19]
61,[0, 18, 15, 11, 29, 32, 5]
62,[9, 31, 6, 34, 25, 17, 4, 12]
63,[33, 18, 13, 1, 11, 27, 28, 31]
64,[1, 21, 28, 15, 11, 18, 8]
65,[23, 28, 34, 0, 11, 8, 27, 14]
66,[13, 0, 25, 10, 1, 22, 16]
67,[26, 16, 30, 23, 25, 21, 13]
68,[4, 28, 19, 24, 16]
69,[8, 4]
70,[26, 24, 6]
71,[18, 12, 16, 31, 13, 11, 19]
72,[1, 13, 27, 33, 14, 10, 25, 8, 19]
73,[31, 23, 14, 15, 24]
74,[18, 17]
75,[22, 17, 28, 8, 2, 13, 12]
76,[14, 16, 33, 30, 24, 5, 10, 4]
77,[15, 4, 30, 6, 14, 13]
78,[23, 11, 7, 25, 19, 34]
79,[21, 4, 16, 6]
80,[30, 15, 10, 0, 26, 24]
81,[18, 29, 27, 5, 8, 22, 31, 25, 34]
82,[27, 33, 17, 26, 13, 5, 8]
83,[13, 8]
84,[7, 22, 2, 28, 11, 9, 12, 26, 8]
85,[19, 22, 26, 24, 33, 3]
86,[5, 21, 14, 31, 19]
87,[30, 13, 18, 26, 6, 34, 8, 28]
88,[16, 24, 17, 10, 19, 6]
89,[4, 24, 30, 26, 20, 25, 21, 3]
90,[16, 31, 19, 5, 32, 29]
91,[0, 24, 17]
92,[23, 29, 37, 9, 17, 34]
93,[25, 4, 15, 5, 33, 30, 0, 38, 29]
94,[3, 4, 21, 36, 7, 30, 0, 15]
95,[20, 9, 33, 32, 30]
96,[17, 26, 34, 20]
97,[6, 16, 12]
98,[27, 37, 1, 16, 29, 21]
99,[24, 4, 30, 12, 37, 20, 31]
100,[26, 34, 2, 12, 36, 24]
101,[8, 28, 22, 15, 5, 29]
102,[33, 35, 11, 29, 26, 15, 5, 22]
103,[18, 31, 8, 7, 33, 24, 2, 10]
104,[35, 17, 25, 3, 31, 34, 37, 30, 24, 23]
105,[20, 10, 28, 17, 16]
106,[19, 17, 0, 26, 12, 20, 13, 24, 8]
107,[10, 34, 20, 39, 21, 4, 6]
108,[13, 10]
109,[25, 39, 6, 33, 3, 32, 28]
110,[18, 32, 11, 37, 38, 24, 28, 23, 33, 20]
111,[19, 9]
112,[17, 7, 19, 10, 24, 38, 15, 35]
113,[17, 38, 8, 34, 7]
114,[28, 10, 5, 3, 29]
115,[10, 33, 38, 19, 9, 3, 34, 22]
116,[37, 11, 9, 8, 6, 18, 20, 33]
117,[37, 6, 11, 20, 17, 4, 33, 14, 5, 35]
118,[4, 24, 31, 34, 33, 36, 28]
119,[1, 27, 8]
120,[24, 21, 39, 36, 30, 25]
121,[19, 18, 5, 14, 6, 7]
122,[27, 4, 28, 36, 9, 21, 11, 31]
123,[39, 26]
124,[36, 33, 17, 31, 5, 39, 10, 8]
125,[39, 34, 38, 8, 17, 7]
126,[30, 1, 11, 2, 8, 34, 28, 35]
127,[16, 20, 39, 32, 11, 12]
128,[30, 16, 11, 31, 27]
129,[20, 18, 12, 10, 5]
130,[38, 12, 36, 7, 15, 4, 30]
131,[4, 9, 20, 11]
132,[12, 24, 3, 10, 22, 19, 2, 23]
133,[14, 6, 21, 3, 29, 35, 23, 36]
134,[38, 21, 25]
135,[33, 15, 38, 27, 8, 37, 17]
