1,[5, 5, 4, 5, 4, 6, 4]
2,[5, 8, 5, 6, 5, 4]
3,[5, 5, 5, 4, 5, 5, 4]
4,[4, 5, 5, 5, 5, 5, 4]
5,[4, 6, 4, 6, 7, 6]
6,[7, 5, 6, 9, 6]
7,[4, 5, 5, 5, 5, 5, 4]
8,[7, 7, 5, 7, 7]
9,[5, 4, 4, 5, 4, 5, 6]
10,[10, 6, 5, 8, 4]
11,[7, 5, 5, 8, 7]
12,[4, 5, 4, 6, 6, 7]
13,[6, 5, 6, 5, 4, 6]
14,[5, 6, 6, 6, 4, 5]
15,[6, 8, 6, 6, 6]
16,[5, 6, 4, 5, 6, 6]
17,[8, 6, 8, 5, 5]
18,[5, 7, 7, 6, 7]
19,[4, 5, 6, 4, 4, 5, 4]
20,[5, 6, 7, 6, 8]
21,[5, 4, 4, 6, 7, 5]
22,[5, 4, 4, 4, 5, 5, 4]
23,[5, 9, 4, 4, 4, 5]
24,[4, 5, 4, 5, 5, 4, 4]
25,[4, 4, 4, 4, 4, 5, 6]
26,[6, 10, 4, 5, 6]
27,[7, 7, 5, 7, 5]
28,[4, 6, 5, 4, 4, 4, 4]
29,[8, 5, 5, 6, 7]
30,[5, 6, 5, 4, 6, 5]
