1,[28, 17, 14, 10, 30]
2,[17, 16, 31, 32, 30, 6]
3,[26, 23, 2, 14, 31, 28]
4,[9, 0, 6, 14, 3, 31, 21, 25, 1]
5,[4, 8, 10, 28, 14, 3]
6,[21, 28, 29, 15, 20, 5, 27]
7,[24, 13, 3, 28, 12, 10, 20]
8,[21, 17, 22, 12, 1, 13]
9,[27, 16, 1, 2, 4, 12, 13, 6, 23]
10,[31, 6, 11, 10, 24, 3, 23, 26]
11,[12, 26, 30, 13, 22, 7, 4, 20, 21]
12,[15, 13, 14, 0, 17]
13,[14, 9, 15, 21, 12, 7, 11]
14,[27, 10, 30, 23, 0, 14, 31, 18]
15,[26, 27, 3, 31, 4, 5]
16,[7, 31, 23, 27, 8, 13]
17,[15, 20, 25, 14]
18,[10, 5, 0, 7, 14, 6, 9]
19,[8, 22, 6, 16]
20,[18, 5, 3, 31]
21,[15, 22, 23, 6, 25, 2, 1]
22,[0, 30, 20, 22, 28, 18, 23, 29]
23,[21, 14, 5, 27, 26, 4, 12]
24,[27, 15, 1, 8, 21, 5, 29, 18]
25,[0, 11, 18, 28, 24, 19, 30]
26,[14, 22, 17, 10]
27,[26, 6, 16, 13, 22, 2, 12, 24]
28,[23, 27, 30, 18, 5, 29, 20]
29,[10, 11, 27, 6, 13, 7, 15, 30]
30,[28, 0, 30, 24, 8, 6, 21]
