1,[21, 26, 3, 0, 24, 18, 29, 15]
2,[1, 0, 21, 5, 10, 7, 24]
3,[7, 4, 3, 10, 0, 32, 21]
4,[20, 19, 13, 4, 5, 32, 27]
5,[21, 18, 23, 22, 13, 30, 2, 25]
6,[1, 25, 2, 31, 19, 17, 10]
7,[15, 26, 19]
8,[25, 31, 29]
9,[31, 0, 30, 32, 14]
10,[21, 30, 19, 5, 18]
11,[5, 16]
12,[2, 6, 30, 23, 5, 19, 7]
13,[3, 28, 0, 16, 19, 18, 13, 5]
14,[16, 1, 15, 12, 24, 4, 2]
15,[0, 18, 28, 11]
16,[19, 29, 6]
17,[31, 26, 0, 13, 7, 18]
18,[24, 31]
19,[7, 31, 28, 17, 9]
20,[24, 17, 23, 12]
21,[21, 11, 16, 17, 9, 8]
22,[1, 19, 8, 5, 2]
23,[9, 17, 24, 16, 22]
24,[14, 10, 25, 12, 0, 2, 30]
25,[29, 26]
26,[15, 7, 28, 1, 8, 4]
27,[17, 19, 21, 5, 20, 14]
28,[4, 2]
29,[22, 28, 8, 4]
30,[12, 25, 7, 11, 22, 2, 18]
