1,[(0, 1), (0, 3), (0, 2), (0, 4), (0, 6), (0, 17), (0, 11), (1, 5), (1, 6), (1, 13), (1, 7), (2, 7), (2, 8), (3, 12), (3, 4), (3, 5), (3, 16), (4, 9), (5, 10), (5, 9), (6, 13), (6, 11), (7, 10), (8, 15), (8, 10), (9, 14), (11, 14)]
2,[(0, 8), (0, 13), (0, 2), (0, 4), (0, 11), (0, 6), (1, 8), (1, 10), (1, 2), (1, 6), (1, 5), (2, 3), (2, 11), (2, 6), (2, 5), (3, 16), (3, 7), (3, 14), (3, 12), (3, 15), (4, 7), (4, 10), (4, 9), (4, 5), (6, 10), (9, 17), (9, 11), (12, 14)]
3,[(0, 7), (0, 4), (0, 8), (0, 10), (0, 11), (1, 10), (1, 8), (1, 2), (1, 4), (1, 7), (1, 12), (1, 5), (2, 9), (2, 3), (2, 7), (2, 4), (3, 10), (3, 4), (3, 6), (3, 14), (4, 9), (5, 16), (5, 6), (5, 13), (5, 9), (6, 13), (6, 15), (7, 8), (11, 17), (12, 14)]
4,[(0, 8), (0, 2), (0, 7), (0, 4), (0, 3), (0, 11), (1, 12), (1, 4), (1, 11), (1, 2), (1, 16), (2, 13), (2, 7), (2, 5), (3, 14), (3, 13), (4, 10), (4, 5), (4, 9), (5, 10), (5, 9), (6, 10), (6, 15), (7, 9), (7, 17), (8, 14)]
5,[(0, 3), (0, 13), (0, 1), (0, 2), (0, 6), (0, 8), (0, 10), (0, 14), (1, 16), (1, 13), (1, 4), (1, 5), (2, 11), (2, 3), (2, 14), (2, 10), (2, 8), (3, 6), (3, 15), (3, 4), (3, 7), (4, 9), (4, 5), (4, 11), (5, 6), (5, 10), (5, 12), (6, 11), (7, 8), (7, 9), (7, 12), (9, 17)]
6,[(0, 8), (0, 11), (0, 6), (0, 4), (0, 3), (0, 1), (1, 10), (1, 9), (1, 3), (1, 13), (1, 7), (1, 4), (2, 6), (2, 7), (2, 3), (3, 17), (3, 5), (4, 10), (4, 14), (4, 12), (5, 13), (5, 11), (5, 10), (5, 8), (6, 15), (6, 7), (7, 11), (8, 16), (9, 12), (9, 14)]
7,[(0, 5), (0, 8), (0, 2), (0, 4), (0, 3), (1, 7), (1, 14), (1, 8), (1, 10), (1, 3), (1, 4), (1, 6), (2, 10), (2, 3), (2, 6), (2, 11), (3, 14), (4, 5), (5, 6), (6, 11), (7, 13), (7, 17), (8, 11), (9, 12), (9, 10), (15, 16)]
8,[(0, 13), (0, 12), (0, 3), (0, 7), (0, 6), (0, 1), (0, 2), (0, 8), (1, 10), (1, 15), (1, 3), (1, 14), (1, 7), (1, 11), (2, 9), (2, 16), (2, 3), (2, 13), (2, 11), (3, 4), (3, 7), (4, 12), (4, 6), (4, 8), (5, 6), (6, 8), (7, 9), (9, 11), (10, 17), (10, 14)]
9,[(0, 4), (0, 12), (0, 1), (0, 3), (1, 10), (1, 11), (1, 4), (1, 3), (2, 4), (2, 13), (2, 5), (3, 4), (3, 10), (3, 16), (3, 14), (4, 7), (5, 6), (5, 7), (5, 9), (6, 7), (6, 12), (8, 9), (8, 11), (8, 15), (9, 13), (10, 11), (14, 17)]
10,[(0, 9), (0, 1), (0, 17), (0, 8), (0, 11), (0, 4), (0, 2), (1, 9), (1, 7), (1, 6), (1, 2), (1, 13), (2, 3), (2, 6), (2, 4), (2, 9), (3, 4), (3, 14), (3, 12), (4, 5), (4, 6), (5, 8), (5, 7), (5, 16), (5, 10), (6, 10), (7, 11), (7, 12), (8, 11), (10, 15), (13, 14)]
11,[(0, 21), (0, 19), (0, 12), (0, 1), (0, 3), (0, 7), (0, 20), (0, 4), (0, 16), (0, 6), (0, 27), (0, 22), (0, 8), (1, 9), (1, 2), (1, 7), (1, 3), (1, 5), (2, 4), (2, 23), (2, 5), (2, 7), (2, 19), (2, 6), (2, 3), (2, 15), (2, 20), (3, 9), (3, 7), (3, 8), (3, 5), (3, 4), (4, 13), (4, 5), (4, 26), (4, 17), (4, 12), (4, 10), (4, 7), (4, 6), (5, 10), (5, 12), (5, 8), (6, 10), (6, 13), (6, 16), (6, 7), (6, 24), (7, 18), (7, 11), (8, 16), (8, 9), (9, 11), (9, 15), (10, 17), (10, 14), (10, 11), (11, 25), (12, 15), (12, 14), (13, 14), (13, 17), (13, 20), (14, 17), (15, 16), (18, 21), (18, 19)]
12,[(0, 7), (0, 4), (0, 18), (0, 5), (0, 1), (0, 17), (0, 2), (0, 13), (0, 8), (0, 6), (1, 20), (1, 8), (1, 9), (1, 5), (1, 22), (1, 10), (1, 4), (1, 16), (1, 2), (1, 6), (1, 3), (2, 4), (2, 5), (2, 3), (2, 9), (2, 14), (2, 13), (2, 17), (2, 6), (3, 12), (3, 14), (3, 10), (3, 5), (3, 7), (3, 6), (3, 19), (4, 6), (4, 13), (4, 24), (4, 12), (4, 23), (4, 7), (4, 5), (5, 9), (5, 20), (5, 26), (5, 10), (5, 6), (6, 7), (6, 11), (7, 13), (7, 9), (8, 15), (8, 13), (8, 16), (8, 9), (9, 21), (9, 14), (10, 18), (10, 25), (11, 12), (11, 19), (11, 17), (11, 15), (12, 17), (12, 27), (12, 16), (14, 15), (15, 20), (16, 18), (19, 21)]
13,[(0, 1), (0, 4), (0, 12), (0, 16), (0, 5), (0, 2), (0, 14), (0, 3), (0, 6), (0, 8), (1, 3), (1, 20), (1, 13), (1, 17), (1, 6), (1, 7), (1, 2), (1, 5), (1, 14), (2, 4), (2, 16), (2, 9), (2, 7), (2, 5), (2, 19), (3, 4), (3, 9), (3, 17), (3, 12), (3, 5), (3, 10), (3, 7), (3, 25), (4, 6), (4, 5), (4, 21), (4, 7), (5, 23), (5, 8), (5, 11), (5, 15), (6, 10), (6, 13), (6, 12), (6, 7), (7, 24), (7, 9), (7, 14), (8, 11), (8, 19), (9, 14), (9, 20), (9, 18), (9, 10), (10, 15), (10, 16), (10, 18), (11, 17), (11, 19), (11, 13), (11, 18), (12, 22), (12, 20), (12, 13), (15, 27), (15, 16), (21, 26)]
14,[(0, 5), (0, 4), (0, 13), (0, 1), (0, 25), (0, 14), (0, 2), (0, 6), (0, 21), (0, 18), (0, 19), (0, 9), (1, 10), (1, 15), (1, 11), (1, 13), (1, 3), (1, 8), (1, 4), (1, 5), (1, 21), (2, 5), (2, 16), (2, 3), (2, 7), (2, 4), (2, 8), (2, 6), (2, 10), (3, 14), (3, 16), (3, 12), (3, 5), (3, 8), (3, 6), (3, 7), (4, 9), (4, 17), (4, 15), (4, 19), (4, 14), (4, 22), (4, 18), (5, 6), (5, 16), (5, 7), (5, 10), (6, 19), (6, 8), (6, 20), (6, 26), (6, 12), (7, 9), (7, 20), (7, 10), (8, 10), (8, 15), (8, 20), (8, 12), (9, 11), (9, 23), (9, 24), (10, 16), (10, 11), (11, 13), (12, 13), (15, 17), (17, 27), (17, 18)]
15,[(0, 6), (0, 17), (0, 11), (0, 5), (0, 3), (0, 10), (0, 1), (0, 18), (0, 20), (0, 9), (0, 2), (0, 4), (0, 12), (0, 7), (1, 5), (1, 14), (1, 15), (1, 10), (1, 6), (1, 16), (1, 8), (1, 9), (1, 7), (1, 3), (2, 17), (2, 3), (2, 8), (2, 7), (2, 13), (2, 9), (2, 18), (2, 12), (2, 4), (3, 6), (3, 16), (3, 13), (3, 7), (3, 19), (3, 11), (4, 12), (4, 19), (4, 10), (4, 9), (4, 13), (4, 6), (4, 20), (4, 5), (5, 11), (5, 10), (5, 6), (5, 9), (5, 25), (6, 11), (6, 17), (7, 11), (7, 17), (7, 15), (7, 8), (8, 24), (8, 16), (8, 26), (9, 11), (9, 23), (10, 16), (10, 20), (13, 22), (14, 15), (15, 18), (19, 27)]
16,[(0, 12), (0, 16), (0, 5), (0, 1), (0, 10), (0, 4), (0, 18), (0, 7), (0, 9), (0, 20), (0, 2), (1, 14), (1, 13), (1, 4), (1, 17), (1, 7), (1, 2), (1, 10), (1, 12), (1, 3), (1, 8), (1, 5), (1, 6), (2, 9), (2, 4), (2, 3), (2, 18), (2, 8), (2, 11), (2, 25), (2, 16), (2, 5), (3, 17), (3, 5), (3, 14), (3, 7), (3, 12), (3, 9), (4, 5), (4, 6), (4, 16), (4, 20), (4, 22), (4, 7), (4, 17), (5, 9), (5, 6), (5, 10), (5, 15), (6, 11), (6, 8), (6, 7), (6, 19), (6, 24), (7, 12), (7, 16), (7, 13), (8, 10), (8, 27), (8, 15), (8, 13), (9, 11), (9, 17), (9, 19), (9, 26), (10, 20), (10, 13), (11, 15), (11, 19), (13, 23), (14, 18)]
17,[(0, 26), (0, 6), (0, 20), (0, 10), (0, 7), (0, 25), (0, 3), (0, 11), (0, 13), (0, 12), (0, 4), (0, 22), (0, 9), (0, 5), (1, 5), (1, 2), (1, 19), (1, 3), (1, 14), (1, 7), (1, 18), (1, 12), (1, 17), (1, 6), (2, 5), (2, 3), (2, 10), (2, 4), (2, 13), (2, 11), (2, 21), (3, 13), (3, 27), (3, 8), (4, 6), (4, 7), (4, 18), (4, 11), (4, 14), (4, 8), (5, 10), (5, 8), (6, 16), (6, 9), (6, 24), (6, 19), (6, 10), (6, 15), (6, 13), (6, 14), (7, 12), (7, 18), (7, 16), (8, 15), (8, 19), (9, 20), (9, 11), (9, 10), (9, 12), (10, 12), (11, 20), (13, 15), (15, 17), (16, 17), (21, 23)]
18,[(0, 2), (0, 8), (0, 16), (0, 27), (0, 6), (0, 4), (0, 13), (0, 1), (0, 10), (0, 7), (0, 9), (1, 3), (1, 24), (1, 11), (1, 13), (1, 19), (1, 8), (1, 9), (1, 4), (1, 12), (1, 5), (1, 14), (1, 6), (2, 12), (2, 16), (2, 9), (2, 17), (2, 14), (2, 13), (2, 5), (2, 26), (3, 12), (3, 7), (3, 15), (3, 8), (3, 6), (3, 4), (3, 5), (4, 10), (4, 7), (4, 8), (4, 17), (4, 5), (4, 11), (4, 21), (5, 6), (5, 16), (5, 14), (5, 18), (6, 19), (6, 11), (6, 8), (6, 15), (7, 18), (7, 11), (7, 9), (8, 10), (8, 21), (9, 12), (10, 22), (10, 20), (10, 11), (11, 17), (12, 13), (13, 16), (14, 25), (15, 17), (19, 20), (20, 23)]
19,[(0, 3), (0, 7), (0, 11), (0, 8), (0, 4), (0, 6), (0, 15), (0, 5), (1, 15), (1, 17), (1, 9), (1, 6), (1, 5), (1, 3), (1, 7), (1, 4), (2, 9), (2, 4), (2, 6), (2, 5), (2, 26), (2, 7), (2, 10), (2, 13), (2, 3), (2, 14), (3, 10), (3, 7), (3, 8), (3, 4), (4, 14), (4, 6), (4, 21), (4, 8), (4, 17), (4, 20), (5, 10), (5, 15), (5, 11), (5, 16), (5, 7), (5, 23), (5, 22), (5, 12), (6, 16), (6, 7), (7, 19), (7, 27), (8, 17), (8, 9), (8, 16), (9, 14), (9, 18), (10, 14), (10, 20), (11, 13), (11, 18), (12, 16), (12, 13), (12, 20), (12, 19), (13, 15), (18, 19), (24, 25)]
20,[(0, 2), (0, 27), (0, 5), (0, 6), (0, 12), (0, 3), (0, 8), (0, 4), (0, 13), (1, 19), (1, 4), (1, 10), (1, 3), (1, 6), (1, 8), (1, 9), (1, 13), (1, 26), (1, 12), (2, 21), (2, 14), (2, 11), (2, 3), (2, 8), (2, 20), (2, 6), (3, 7), (3, 5), (3, 6), (3, 21), (3, 17), (3, 13), (4, 16), (4, 11), (4, 9), (4, 12), (4, 10), (4, 15), (4, 22), (5, 11), (5, 23), (5, 15), (5, 7), (5, 6), (5, 17), (6, 17), (6, 7), (6, 8), (6, 25), (6, 11), (6, 18), (7, 8), (7, 17), (7, 14), (8, 9), (8, 12), (9, 10), (9, 12), (9, 19), (10, 15), (10, 12), (11, 18), (13, 16), (13, 20), (16, 19), (16, 20), (18, 24)]
21,[(0, 7), (0, 1), (0, 9), (0, 8), (0, 3), (0, 2), (0, 10), (1, 4), (1, 7), (1, 3), (1, 10), (1, 5), (2, 8), (2, 5), (2, 4), (2, 9), (3, 10), (3, 11), (3, 6), (3, 12), (3, 15), (3, 13), (4, 15), (4, 5), (4, 8), (4, 6), (5, 14), (5, 18), (5, 7), (5, 6), (6, 12), (6, 11), (6, 16), (6, 13), (7, 14), (7, 17), (7, 11), (8, 10), (9, 10)]
22,[(0, 4), (0, 3), (0, 9), (0, 1), (0, 16), (0, 10), (0, 2), (0, 7), (1, 4), (1, 12), (1, 13), (1, 11), (1, 3), (2, 15), (2, 9), (2, 3), (2, 8), (2, 5), (2, 7), (2, 10), (2, 4), (3, 5), (3, 13), (3, 7), (4, 11), (4, 6), (4, 5), (5, 8), (5, 7), (5, 15), (6, 7), (6, 18), (6, 9), (6, 10), (7, 12), (7, 8), (8, 14), (8, 10), (9, 14), (11, 17)]
23,[(0, 14), (0, 11), (0, 3), (0, 6), (0, 2), (0, 1), (0, 7), (0, 4), (1, 7), (1, 6), (1, 2), (1, 17), (1, 10), (1, 4), (2, 6), (2, 5), (2, 3), (2, 4), (2, 8), (2, 9), (3, 12), (3, 16), (3, 5), (3, 8), (3, 4), (3, 18), (3, 6), (4, 6), (4, 5), (4, 8), (5, 9), (5, 7), (5, 6), (5, 13), (6, 15), (6, 13), (7, 8), (7, 15), (8, 10), (9, 11), (9, 14), (10, 11)]
24,[(0, 2), (0, 5), (0, 17), (0, 9), (0, 14), (1, 10), (1, 11), (1, 5), (1, 13), (1, 3), (1, 4), (2, 7), (2, 8), (2, 12), (2, 3), (2, 18), (2, 4), (3, 5), (3, 7), (3, 14), (3, 8), (3, 4), (4, 6), (4, 9), (4, 5), (5, 7), (5, 13), (6, 7), (6, 15), (6, 9), (7, 15), (7, 10), (8, 16), (8, 12), (9, 11)]
25,[(0, 9), (0, 1), (0, 7), (0, 3), (0, 4), (0, 6), (0, 13), (0, 15), (0, 10), (1, 5), (1, 2), (1, 4), (1, 7), (2, 3), (2, 18), (2, 8), (2, 9), (2, 13), (2, 14), (2, 12), (3, 4), (3, 8), (3, 10), (3, 6), (3, 11), (3, 17), (4, 10), (4, 5), (4, 14), (4, 8), (4, 15), (6, 7), (6, 11), (6, 12), (6, 8), (6, 9), (7, 16), (9, 10)]
26,[(0, 3), (0, 7), (0, 10), (0, 12), (0, 5), (0, 2), (0, 9), (1, 8), (1, 2), (1, 4), (1, 7), (1, 11), (1, 3), (1, 5), (2, 6), (2, 15), (2, 3), (2, 7), (2, 4), (2, 9), (2, 16), (3, 15), (3, 6), (3, 5), (3, 7), (3, 12), (3, 18), (4, 6), (4, 10), (4, 11), (4, 5), (5, 9), (5, 14), (5, 6), (6, 13), (6, 14), (6, 8), (6, 7), (8, 10), (8, 9), (9, 13), (10, 17)]
27,[(0, 14), (0, 4), (0, 7), (0, 1), (0, 5), (0, 9), (0, 11), (0, 6), (1, 13), (1, 3), (1, 18), (1, 6), (1, 2), (1, 10), (1, 8), (2, 10), (2, 3), (2, 6), (2, 8), (2, 11), (3, 4), (3, 6), (3, 5), (3, 7), (4, 13), (4, 16), (4, 15), (4, 9), (4, 8), (4, 7), (5, 14), (5, 9), (5, 7), (5, 6), (6, 9), (6, 7), (6, 11), (7, 17), (7, 10), (8, 12), (8, 15), (10, 12)]
28,[(0, 12), (0, 3), (0, 6), (0, 1), (0, 14), (0, 4), (1, 8), (1, 9), (1, 3), (1, 10), (1, 5), (1, 2), (1, 13), (1, 4), (2, 11), (2, 3), (2, 7), (2, 4), (2, 10), (2, 16), (2, 9), (3, 10), (3, 5), (3, 7), (3, 14), (3, 4), (4, 9), (4, 5), (4, 15), (4, 17), (4, 6), (5, 18), (5, 13), (5, 7), (5, 11), (6, 12), (6, 7), (6, 11), (6, 9), (7, 8), (8, 10), (10, 15)]
29,[(0, 10), (0, 5), (0, 1), (0, 12), (0, 4), (0, 2), (1, 14), (1, 8), (1, 2), (1, 10), (1, 6), (1, 3), (1, 5), (1, 11), (2, 3), (2, 4), (2, 7), (2, 8), (2, 6), (2, 15), (3, 5), (3, 6), (3, 7), (3, 11), (3, 10), (3, 4), (4, 7), (4, 9), (5, 6), (5, 8), (5, 7), (6, 8), (6, 10), (6, 13), (6, 11), (7, 9), (7, 13), (8, 10), (9, 18), (9, 12), (14, 17), (15, 16)]
30,[(0, 9), (0, 7), (0, 1), (0, 6), (0, 5), (0, 10), (0, 18), (1, 10), (1, 3), (1, 6), (1, 14), (1, 2), (1, 8), (2, 16), (2, 3), (2, 7), (2, 4), (2, 13), (2, 8), (2, 15), (2, 9), (3, 4), (3, 5), (3, 15), (3, 7), (3, 9), (4, 10), (4, 12), (4, 8), (4, 13), (5, 6), (5, 11), (6, 8), (6, 17), (6, 11), (7, 9), (7, 14), (11, 12)]
